[gd_scene load_steps=2 format=3 uid="uid://c5hnegni0071o"]

[ext_resource type="PackedScene" uid="uid://dm48wmcvf7n43" path="res://assets/models/HexTile.blend" id="1_fewuy"]

[node name="HexGrid" type="Node3D"]

[node name="HexTile" parent="." instance=ExtResource("1_fewuy")]
transform = Transform3D(0.8660254, 0, 0.5, 0, 1, 0, -0.5, 0, 0.8660254, 0, 0, 0)

[node name="HexTile3" parent="." instance=ExtResource("1_fewuy")]
transform = Transform3D(0.8660254, 0, 0.5, 0, 1, 0, -0.5, 0, 0.8660254, 0, 0, -3.3)

[node name="HexTile5" parent="." instance=ExtResource("1_fewuy")]
transform = Transform3D(0.8660254, 0, 0.5, 0, 1, 0, -0.5, 0, 0.8660254, 0, 0, -6.6)

[node name="HexTile2" parent="." instance=ExtResource("1_fewuy")]
transform = Transform3D(0.8660254, 0, 0.5, 0, 1, 0, -0.5, 0, 0.8660254, 0, 0, 3.3)

[node name="HexTile4" parent="." instance=ExtResource("1_fewuy")]
transform = Transform3D(0.8660254, 0, 0.5, 0, 1, 0, -0.5, 0, 0.8660254, 0, 0, 6.6)

[node name="HexTile6" parent="." instance=ExtResource("1_fewuy")]
transform = Transform3D(0.8660254, 0, 0.5, 0, 1, 0, -0.5, 0, 0.8660254, -2.8576589, 0, -1.657582)

[node name="HexTile9" parent="." instance=ExtResource("1_fewuy")]
transform = Transform3D(0.8660254, 0, 0.5, 0, 1, 0, -0.5, 0, 0.8660254, -2.8576589, 0, 1.6424179)

[node name="HexTile11" parent="." instance=ExtResource("1_fewuy")]
transform = Transform3D(0.8660254, 0, 0.5, 0, 1, 0, -0.5, 0, 0.8660254, 2.8429236, 0, -1.657582)

[node name="HexTile14" parent="." instance=ExtResource("1_fewuy")]
transform = Transform3D(0.8660254, 0, 0.5, 0, 1, 0, -0.5, 0, 0.8660254, 2.8429236, 0, 1.6424179)

[node name="HexTile13" parent="." instance=ExtResource("1_fewuy")]
transform = Transform3D(0.8660254, 0, 0.5, 0, 1, 0, -0.5, 0, 0.8660254, 8.4, 0, 0)
visible = false

[node name="HexTile16" parent="." instance=ExtResource("1_fewuy")]
transform = Transform3D(0.8660254, 0, 0.5, 0, 1, 0, -0.5, 0, 0.8660254, 5.684247, 0, -3.3132787)

[node name="HexTile17" parent="." instance=ExtResource("1_fewuy")]
transform = Transform3D(0.8660254, 0, 0.5, 0, 1, 0, -0.5, 0, 0.8660254, 5.684247, 0, 3.2867212)

[node name="HexTile18" parent="." instance=ExtResource("1_fewuy")]
transform = Transform3D(0.8660254, 0, 0.5, 0, 1, 0, -0.5, 0, 0.8660254, -8.4, 0, -0.013)
visible = false

[node name="HexTile19" parent="." instance=ExtResource("1_fewuy")]
transform = Transform3D(0.8660254, 0, 0.5, 0, 1, 0, -0.5, 0, 0.8660254, -5.7137966, 0, -3.3132787)

[node name="HexTile20" parent="." instance=ExtResource("1_fewuy")]
transform = Transform3D(0.8660254, 0, 0.5, 0, 1, 0, -0.5, 0, 0.8660254, -5.7137966, 0, 3.2867212)
